A:
  0.4974  0.0000 -0.1299  0.0914  0.1523
 -0.0305  0.3284  0.0000 -0.0619  0.0203
  0.0102 -0.0914  0.5887  0.0112  0.0355
  0.0305  0.0000 -0.0741  0.5887  0.0000
  0.0203 -0.0305  0.1472 -0.0122  0.4263
f:
  1.5875 -1.7590  1.4139  1.7702 -2.0767
x:
  5.0010 -3.9554  2.0057  3.0003 -5.9993
detA = 0.0231
Ax - f:
-3.1086e-15	-8.8818e-16	2.2204e-16	1.1102e-15	0.0000e+00	
A^-1:
  2.0568  0.0961  0.6090 -0.3372 -0.7901
  0.1764  3.0609  0.1300  0.2874 -0.2196
 -0.0009  0.4693  1.7419  0.0129 -0.1671
 -0.1067  0.0541  0.1877  1.7177  0.0199
 -0.0881  0.0539 -0.6158  0.0813  2.4259
A*A^-1 - E:
-1.1102e-16	5.1348e-16	-3.1364e-15	7.8063e-17	-3.8858e-16	
9.5410e-18	0.0000e+00	-7.2858e-16	1.3444e-17	4.1633e-17	
0.0000e+00	-1.9949e-17	0.0000e+00	2.1684e-18	0.0000e+00	
-2.3852e-18	6.7221e-17	2.0426e-16	-1.1102e-16	-3.1225e-17	
-6.9389e-18	1.1102e-16	-1.1102e-16	-1.3878e-17	-1.1102e-16	
