A^T * A:
  0.2498 -0.0116 -0.0579  0.0652  0.0842
 -0.0116  0.1171 -0.0583 -0.0210 -0.0096
 -0.0579 -0.0583  0.3906 -0.0507  0.0639
  0.0652 -0.0210 -0.0507  0.3590  0.0079
  0.0842 -0.0096  0.0639  0.0079  0.2066
A^T * f:
  0.8695 -0.6435  0.1893  1.3373 -0.6290
S:
  0.4998 -0.0231 -0.1158  0.1304  0.1684
  0.0000  0.3415 -0.1786 -0.0526 -0.0166
  0.0000  0.0000  0.5876 -0.0766  0.1368
  0.0000  0.0000  0.0000  0.5774 -0.0078
  0.0000  0.0000  0.0000  0.0000  0.3990
diag(D):
  1.0000  1.0000  1.0000  1.0000  1.0000
y:
  1.7398 -1.7668  0.1281  1.7791 -2.3937
x:
  5.0010 -3.9554  2.0057  3.0003 -5.9993
|detA| = 0.0231
error of x:
2.2204e-16	1.1102e-16	0.0000e+00	0.0000e+00	-1.1102e-16	
